      -0.000061 
       0.000061 
      -0.000061 
       0.000061 
      -0.000061 
       0.000061 
      -0.000061 
       0.000061 
      -0.000061 
       0.000061 
      -0.000061 
       0.000061 
      -0.000061 
       0.000061 
      -0.000061 
       0.000060 
      -0.000060 
       0.000060 
      -0.000059 
       0.000059 
      -0.000058 
       0.000058 
      -0.000057 
       0.000055 
      -0.000053 
       0.000058 
       0.000101 
       0.001898 
       0.014769 
       0.074322 
       0.235398 
       0.467946 
       0.582055 
       0.467946 
       0.235398 
       0.074322 
       0.014769 
       0.001898 
       0.000101 
       0.000058 
      -0.000053 
       0.000055 
      -0.000057 
       0.000058 
      -0.000058 
       0.000059 
      -0.000059 
       0.000060 
      -0.000060 
       0.000060 
      -0.000061 
       0.000061 
      -0.000061 
       0.000061 
      -0.000061 
       0.000061 
      -0.000061 
       0.000061 
      -0.000061 
       0.000061 
      -0.000061 
       0.000061 
      -0.000061 
       0.000061 
