      -0.000013 
       0.000013 
      -0.000013 
       0.000013 
      -0.000013 
       0.000013 
      -0.000013 
       0.000013 
      -0.000013 
       0.000013 
      -0.000013 
       0.000013 
      -0.000013 
       0.000013 
      -0.000013 
       0.000012 
      -0.000012 
       0.000012 
      -0.000012 
       0.000012 
      -0.000012 
       0.000012 
      -0.000011 
       0.000011 
      -0.000010 
       0.000012 
       0.000060 
       0.001137 
       0.011284 
       0.067518 
       0.242424 
       0.521672 
       0.669426 
       0.521672 
       0.242424 
       0.067518 
       0.011284 
       0.001137 
       0.000060 
       0.000012 
      -0.000010 
       0.000011 
      -0.000011 
       0.000012 
      -0.000012 
       0.000012 
      -0.000012 
       0.000012 
      -0.000012 
       0.000012 
      -0.000013 
       0.000013 
      -0.000013 
       0.000013 
      -0.000013 
       0.000013 
      -0.000013 
       0.000013 
      -0.000013 
       0.000013 
      -0.000013 
       0.000013 
      -0.000013 
       0.000013 
