      -0.000037 
       0.000037 
      -0.000037 
       0.000037 
      -0.000037 
       0.000037 
      -0.000037 
       0.000037 
      -0.000037 
       0.000037 
      -0.000037 
       0.000037 
      -0.000037 
       0.000037 
      -0.000036 
       0.000036 
      -0.000036 
       0.000036 
      -0.000036 
       0.000035 
      -0.000035 
       0.000034 
      -0.000034 
       0.000033 
      -0.000031 
       0.000034 
       0.000076 
       0.001496 
       0.013039 
       0.071159 
       0.239086 
       0.493465 
       0.622645 
       0.493465 
       0.239086 
       0.071159 
       0.013039 
       0.001496 
       0.000076 
       0.000034 
      -0.000031 
       0.000033 
      -0.000034 
       0.000034 
      -0.000035 
       0.000035 
      -0.000036 
       0.000036 
      -0.000036 
       0.000036 
      -0.000036 
       0.000037 
      -0.000037 
       0.000037 
      -0.000037 
       0.000037 
      -0.000037 
       0.000037 
      -0.000037 
       0.000037 
      -0.000037 
       0.000037 
      -0.000037 
       0.000037 
