       0.000000 
      -0.000000 
       0.000000 
      -0.000000 
       0.000000 
      -0.000000 
       0.000000 
      -0.000000 
       0.000000 
      -0.000000 
       0.000000 
      -0.000000 
       0.000000 
      -0.000000 
       0.000000 
      -0.000000 
       0.000000 
      -0.000000 
       0.000000 
      -0.000000 
       0.000000 
      -0.000000 
       0.000000 
      -0.000000 
       0.000000 
       0.000001 
       0.000043 
       0.000832 
       0.009520 
       0.063337 
       0.245208 
       0.552430 
       0.723986 
       0.552430 
       0.245208 
       0.063337 
       0.009520 
       0.000832 
       0.000043 
       0.000001 
       0.000000 
      -0.000000 
       0.000000 
      -0.000000 
       0.000000 
      -0.000000 
       0.000000 
      -0.000000 
       0.000000 
      -0.000000 
       0.000000 
      -0.000000 
       0.000000 
      -0.000000 
       0.000000 
      -0.000000 
       0.000000 
      -0.000000 
       0.000000 
      -0.000000 
       0.000000 
      -0.000000 
       0.000000 
      -0.000000 
